33713497003
41996076200
4492848247
27360893109
15775130077
49456912637
46381195042
26146341511
26711270176
25914331997
26737051826
27357551285
49159881651
14850172250
9944837595
5478219370
5424110327
38623692000
36842257826
42734884330
25219995358
5074018574
48457834801
840491936
4872078582
28190165129
36606106584
44877859391
25720492027
27493725028
46487420544
17215840162
36859345932
8041133614
43302132872
15349577111
17229483105
47734543471
26057528383
2772161138
203573048
25934256246
5454244615
7466598556
3160037420
7430524528
26784873382
33589945818
23775492899
40774047302
23467983239
34890419945
7518961030
4746309289
25504466425
2279567090
4740763734
47789113762
5570682273
43140198135
4772224883
4752993726
43330375444
4840360593
9818434973
44133549242
6212744791
6560043009
4947442921
48316403746
6507169721
9967926596
49156002598
26605448613
46755978284
2716782671
26662992759
113148966
44880980712
14777726041
381931322
5356442379
21446779284
47504395242
19536368691
43966667415
9606012638
4130990745
2708328756
8082221270
27502381192
4282019878
17985125913
17761999182
43066243050
26427326846
26612334243
27338230709
27183849236
537810889
9370541916
35140265282
6899183355
3681569585
3717808236
34880640081
9229176543
4911909358
8224837594
9632355749
3299061604
14151646604
553390292
27885273382
828052491
20348596781
44841317252
41641356420
42644955380
47137556151
15697482844
5162611121
28218139424
43253429365
43666276160
6282843730
43066241630
40055155000
10164849966
38714495772
3668374534
7194983562
9541152445
26923584871
37243777335
1288298761
8722785771
7350710480
9969154943
6691849323
25964671440
41518755260
9185873789
6335972572
37158209283
39699034405
9969168583
9224898248
41581333104
7681645256
134770217
32872829806
5343502317
10521454714
47518880232
26780881697
46805022484
21727506069
2567110292
29217855506
7356175426
368276896
9671166940
44829101364
43328526980
5423353872
26409453813
26174495393
18462355491
33706218346
5625891292
27439671455
14219401113
4871771087
41452139202
37118452272
25072630095
47437491591
26720546914
26095127068
3540208794
35987490323
6448015941
13702299493
27162155379
25764663996
41451671354
26409457363
42359433781
26010224485
388512711
34652140385
26489596760
7535259584
6006419747
14692928306
15350337987
7985865805
15756560329
40381444183
9969065004
28075572002
4745947840
5454856844
8944793569
26758715431
26770579930
43066241410
27462224349
4128325875
14693020497
22612816898
26721084701
14002886605
14661809701
1611661972
9531013498
26029158060
11346869393
26788053295
42135385061
9696751344
27365930022
26738529084
41376557285
44827672722
25164623175
8623869193
6831461362
9235503274
7955162370
3695408780
6860166422
5826051587
43156332484
43966673115
26287491383
4043486900
7381018644
483002437
27427894784
45799609472
4874168201
48394612016
203281230
4931433849
3531186885
15810286399
26788041075
41711426834
27357558485
41531858725
26765206996
32552262350
4740898996
9602977618
5997055281
47790636922
7984959281
25711493673
2738526183
32573202600
24937661612
39743872543
42919644191
32834178198
26296765385
45868909194
5074847894
4059264908
26094805540
43156343524
37869751892
5715438957
7677853980
38556959254
43658095611
27533092762
28224780206
36326057433
27161302693
27127188127
5688177986
26189058
19818731044
18838226192
25930432356
34327802654
42199908265
4968449148
5865051474
5016652613
42870872572
14290467151
32863340982
4934612944
32614664267
43129648374
26618870298
27229308349
39691756630
13228460095
35705806354
46755084331
7447454414
25240977348
9232537444
41341156270
15448044499
35172756892
26966287912
